Car 0.90046835 72.54002 33.10983 -0.14257878 4.3621902 1.8232054 1.5954363 4.885929 
Car 0.7914482 70.681496 45.3369 -0.52613986 4.259563 1.785433 1.5290341 4.919388 
Car 0.6453118 68.945755 55.16118 -0.22031558 5.291577 1.9100064 1.7035238 4.8997736 
Car 0.5963577 0.7596097 -0.00018303096 -1.1337022 4.274004 1.7330078 1.6487954 6.2542324 
Car 0.5209672 98.823265 -7.073037 0.12990373 4.453218 1.7772325 1.6926237 6.748022 
Car 0.49040702 105.907555 0.296611 0.30483848 4.289499 1.7930545 1.795936 6.2093296 
Car 0.4291943 94.4871 -8.969181 -0.17682499 4.2810917 1.8041562 1.5829263 0.88847435 
Car 0.20993483 95.341835 25.908327 -1.2705195 4.705402 1.7799047 1.5457524 4.6620946 
Car 0.20857131 0.02471302 -88.55777 -2.8260787 4.2565985 1.742415 1.5293069 0.93760157 
Pedestrian 0.18856822 96.27275 -6.259424 -0.097479165 0.36113465 0.48165825 1.6060517 6.645954 
Pedestrian 0.14554298 94.25219 -6.697796 -0.19909191 0.52296984 0.6286186 1.6475008 6.950467 
Car 0.13447039 106.11465 3.1086369 0.17387968 4.4011054 1.8530189 1.8642995 2.921555 
Car 0.115286104 91.81728 26.439756 -1.3876777 4.2373576 1.7009875 1.4739072 5.114397 
Pedestrian 0.1052079 18.041075 -14.686898 -1.8878517 0.5580534 0.55642027 1.4764985 5.7737913 
