Car 0.91034687 88.41608 32.5717 -0.39179677 4.567007 1.7927274 1.6552459 4.8695755 
Car 0.7008855 84.51498 55.71403 -0.4830711 4.7116427 1.8590498 1.7303184 1.7538668 
Car 0.56291616 107.24417 0.0072657615 0.06398076 4.348565 1.7574211 1.8776529 6.2324705 
Car 0.5612865 0.7761388 0.00790894 -1.144638 4.2677484 1.732471 1.6597084 6.2519054 
Car 0.36236805 122.27788 2.9551 -0.017645419 4.6098986 1.9090586 1.7545582 3.143662 
Car 0.34389108 110.388695 -9.656147 -0.40757 4.2898483 1.807422 1.6891482 0.8930141 
Car 0.21354757 110.91997 24.931114 -1.345952 4.7758555 1.8385837 1.6144351 4.6266785 
Car 0.21207744 140.92775 -68.09797 -0.23989856 4.2307086 1.7488062 1.6594726 6.8791647 
Car 0.18915215 114.993355 -7.4711795 -0.13234407 4.2786903 1.7999439 1.6597035 3.660964 
Car 0.15450265 91.4324 -84.1525 -0.78518796 4.244387 1.7215693 1.5592614 4.969903 
Pedestrian 0.13746497 109.24304 -7.8734455 -0.2981974 0.48053396 0.5849082 1.7340065 6.859149 
Car 0.10215758 117.58226 -15.480078 -1.4381012 4.87995 1.8125682 1.5945705 4.6770377 
Car 0.10095576 70.177666 61.310177 -0.9193078 4.2849593 1.7398309 1.793701 4.8199043 
