Car 0.9403631 77.82008 33.004555 -0.14232838 4.58725 1.8318965 1.6167928 4.8894367 
Car 0.77609134 75.91701 45.147675 -0.5075749 4.1571684 1.6923078 1.5195321 4.9289103 
Car 0.5944086 0.62121546 -0.03993152 -1.1462866 4.288037 1.7331082 1.6588309 6.198618 
Truck 0.48937112 74.05806 55.295624 -0.37158 5.0995173 1.8587346 1.8501215 4.8689694 
Bus 0.45385748 57.834206 36.74012 -0.118777156 10.863172 2.6961973 3.4826248 6.913227 
Car 0.39551207 106.14526 0.16773857 0.15270156 4.266838 1.7849547 1.8822188 6.2373257 
Bus 0.39069444 113.464874 3.4762557 -0.2856121 8.626734 2.448346 2.5724998 3.1725664 
Car 0.38457286 99.79085 -9.313849 -0.24104977 4.280396 1.7983718 1.598938 0.87044 
Car 0.21073408 82.51774 42.336502 -1.4153817 4.541909 1.7385008 1.5016743 4.856004 
Car 0.16696684 66.668755 -20.742422 -1.1646373 4.1745753 1.6942866 1.5186079 4.3545685 
Pedestrian 0.15627451 2.3872485 -20.918104 -1.6570532 0.6304851 0.67219865 1.7501607 5.621129 
Truck 0.1447692 130.89351 -67.58287 -0.51350904 5.647179 2.264933 2.6341312 3.6680903 
Pedestrian 0.12722203 1.1801398 -20.792032 -1.7197835 0.5111038 0.6096781 1.6242154 1.9180495 
Pedestrian 0.12178286 99.25827 -7.118498 -0.24536991 0.46319047 0.662266 1.7473551 4.2221284 
Cyclist 0.1078525 88.87141 72.375084 -0.41533154 1.7457231 0.6840203 1.644177 5.0696926 
Car 0.10261386 105.40062 -7.661927 -0.06150961 4.3227687 1.7714074 1.6947936 4.9921517 
