Car 0.8788401 79.50086 32.882042 -0.19261104 4.4901285 1.8250046 1.5945716 4.9055066 
Car 0.73284835 75.85248 55.11043 -0.30654025 4.6783404 1.8162749 1.681457 4.9107494 
Car 0.7166607 77.6602 45.184574 -0.46725267 4.2592454 1.7713634 1.5718049 4.8692408 
Car 0.6382058 106.44826 0.2040102 0.15086573 4.2193646 1.7515659 1.8166542 6.2348013 
Car 0.56763685 0.7632173 0.0051382035 -1.1359235 4.262442 1.7338798 1.6633663 6.2532873 
Bus 0.4962002 113.87528 3.408085 0.09277904 6.042577 2.1784968 2.32051 3.1581779 
Car 0.35030103 101.483536 -9.298456 -0.16857314 4.27916 1.8170503 1.5910654 4.15798 
Car 0.23443973 102.21329 25.195261 -1.2126603 4.576591 1.7571034 1.5419081 4.684083 
Car 0.13327858 97.381584 -100.7092 -0.59236395 4.457215 1.8330833 1.6305801 2.2697594 
Cyclist 0.11840468 90.261505 -55.47137 -0.40971518 1.8660127 0.77069825 1.5447564 4.8310885 
