Car 0.93636954 75.97141 32.97705 -0.25519288 4.4730835 1.7982744 1.5470077 4.915324 
Car 0.866886 72.36904 55.026814 -0.24520558 4.986736 1.8898803 1.7049353 4.891362 
Car 0.8347076 74.13104 45.10012 -0.4464603 4.1257944 1.6857566 1.5335847 4.8893275 
Car 0.7284946 97.968376 -9.144979 -0.21106803 4.3408947 1.7932031 1.6395124 0.9617212 
Car 0.5672419 0.8199204 -0.028302893 -1.1448172 4.27064 1.7288382 1.6635063 6.2390738 
Car 0.42719182 106.135376 0.24048205 0.3771165 4.2664638 1.7686703 1.911045 6.2598276 
Bus 0.41046256 154.00183 -90.75584 1.2364706 9.282334 2.6602333 3.113839 5.749878 
Cyclist 0.3553606 86.88965 -54.872448 -0.16514403 1.6917517 0.7544665 1.5291004 2.0777972 
Bus 0.19434012 56.701637 36.638462 -0.36063588 11.336888 2.7184436 3.3203712 6.865467 
Pedestrian 0.19407102 97.48007 -6.94513 -0.13689041 0.47891873 0.58861077 1.6549853 6.8422184 
Bus 0.14501925 112.920364 3.417944 -0.03216088 11.240762 2.7626483 2.930662 3.131278 
Pedestrian 0.10614285 0.46915656 -20.803183 -1.6313727 0.58921665 0.68786526 1.740211 1.9336126 
Car 0.10229729 72.113396 -17.681507 -1.8392482 4.3227615 1.782651 1.5212705 3.026698 
Pedestrian 0.101880796 99.79066 -6.4747415 -0.01630503 0.39066455 0.52880996 1.6340668 6.1815605 
Bus 0.100653425 96.694405 -102.83104 0.40439105 9.724931 2.7418575 3.0921726 5.5730863 
