Car 0.8183192 86.68513 32.60019 -0.28578627 4.8303556 1.8626856 1.7244374 4.9250393 
Car 0.64162165 82.92695 55.3952 -0.39208788 5.100241 1.8807609 1.7398448 1.7245055 
Car 0.5662019 0.7591299 0.0066509843 -1.1312633 4.2518296 1.7290504 1.6621375 6.2613764 
Car 0.5112621 108.56328 -9.527964 -0.19888318 4.32823 1.8191382 1.6385913 0.94043314 
Car 0.41592345 107.0237 0.058793247 0.022052944 4.3270493 1.8167567 1.918043 6.2206535 
Bus 0.29803914 121.06594 3.007397 -0.13272762 6.4048185 2.3324761 2.5119388 3.0712805 
Car 0.2588583 114.56079 -14.219204 -1.171851 4.2674484 1.7703714 1.5706153 3.6730695 
Car 0.22567303 90.929985 100.097565 -0.4774012 4.4367146 1.8012099 1.7070627 5.1069417 
Car 0.18941396 96.074646 -49.85442 -0.62396026 4.2190495 1.7053058 1.5410371 5.9607286 
Car 0.1865226 82.10958 -17.60264 -1.8297514 4.286044 1.7460783 1.5028552 2.7793655 
Car 0.1856788 146.2372 -63.437653 -0.21277183 4.546623 1.8513848 1.7355049 3.807259 
Car 0.124747165 112.96707 -7.433568 -0.04220915 4.298557 1.7891328 1.5900156 3.50592 
Pedestrian 0.11419894 1.9176564 -19.560204 -1.9114292 0.4804551 0.49799812 1.5261968 3.001801 
Bus 0.11403825 142.11821 -64.956375 0.110525966 12.945749 2.9868338 3.3118517 4.1432834 
