Car 0.9226719 74.2051 33.19594 -0.17671037 4.4391894 1.7591683 1.5484116 4.90289 
Car 0.8919706 72.43409 45.1665 -0.40721166 4.1026325 1.705833 1.5444684 4.903199 
Car 0.64875335 70.64208 55.153584 -0.26684272 5.162395 1.9012657 1.6741396 4.898267 
Car 0.59625673 0.79051685 -0.0026795566 -1.138588 4.272779 1.7300234 1.6578314 6.2501354 
Car 0.5762656 96.1775 -8.887855 0.06617993 4.450098 1.8255302 1.7041036 0.9725512 
Car 0.44339436 105.97754 0.23999926 0.37081558 4.3124614 1.7817714 1.7776841 6.209322 
Car 0.44059005 100.511055 -7.1389422 0.26160723 4.402634 1.8214461 1.6710867 6.6566696 
Pedestrian 0.23844971 98.04825 -6.352118 0.0615682 0.4695295 0.56553763 1.6691628 6.7229643 
Car 0.15111333 78.51546 -81.939896 -0.6525023 4.233094 1.7152032 1.4960163 6.5957527 
Pedestrian 0.13351224 37.297646 48.638397 -1.464474 0.43028 0.47113138 1.5015898 4.499986 
Bus 0.12925632 109.45217 3.8540142 -0.38848817 7.229228 2.309507 2.3554537 3.1518917 
Bus 0.1186537 162.7856 -33.057236 1.1134096 7.1435275 2.3328967 2.5167477 3.0377388 
Car 0.11560281 56.0326 61.666016 -1.0857034 4.1225057 1.6756164 1.4861989 1.657301 
Pedestrian 0.10714411 95.88407 -6.8571115 0.028670654 0.54856527 0.68730485 1.6851729 7.0402565 
