Car 0.7987938 106.71551 0.27864358 0.16934651 4.2588263 1.7910818 1.9483951 6.267226 
Car 0.6208393 0.7835133 -1.3247132e-05 -1.1330867 4.2536316 1.7339281 1.6554394 6.2218866 
Car 0.48071802 79.365456 55.461205 -0.23307306 4.9848614 1.8816574 1.6537644 4.8767376 
Car 0.45262536 116.549614 3.1158469 0.034112394 4.31859 1.8583865 1.7249687 3.0592356 
Car 0.44711334 105.067116 -9.3597765 0.009207189 4.2856317 1.7857466 1.5969847 0.9697366 
Car 0.41533932 86.22912 -83.90187 -0.858173 4.2148027 1.7164006 1.5391623 4.948399 
Car 0.35960433 82.95492 32.918728 -0.16234213 4.210863 1.7423595 1.5563143 4.904986 
Car 0.27521813 80.92416 44.938972 -0.5573939 4.2300315 1.7170233 1.4842374 5.0855203 
Pedestrian 0.25091705 53.856483 34.95996 -1.0082691 0.48154852 0.55822384 1.6260357 1.315502 
Car 0.1671653 105.55831 25.279219 -1.1094005 4.537968 1.7627277 1.5816845 4.4536223 
Pedestrian 0.14557856 7.6887646 -21.089237 -1.5202348 0.5599093 0.6709376 1.7022786 1.9372114 
Cyclist 0.12888555 90.9458 -49.080418 -0.2510804 1.6494174 0.57207406 1.4872323 4.78357 
Car 0.11903856 109.37398 -7.2576075 0.21608168 4.6666126 1.8272879 1.687763 6.5929813 
Bus 0.11020697 152.7101 -71.93717 0.63375115 9.486178 2.7326922 3.1101835 2.5953379 
Car 0.10486167 13.362673 -90.72465 -3.077624 4.318064 1.7642212 1.548751 4.8645477 
