Car 0.82725304 81.13754 32.85445 -0.13302308 4.49373 1.8174012 1.6504183 4.9115887 
Car 0.76235765 79.31279 45.189846 -0.48027945 4.2045765 1.7116882 1.5363133 4.9124355 
Car 0.65109825 106.524925 0.25082895 0.20887107 4.2307086 1.7456712 1.828396 6.258314 
Car 0.6032454 0.7550627 -0.0015825182 -1.1360006 4.2575293 1.7374135 1.6572227 6.2228947 
Car 0.546618 103.29605 -9.213352 -0.11755246 4.375224 1.826748 1.6658655 0.95798755 
Car 0.38791445 77.55049 55.401264 -0.2681769 4.871874 1.8533896 1.7140319 4.899339 
Truck 0.2802336 115.94447 3.2961419 -0.341861 6.414978 2.3949184 2.4470205 3.1815653 
Pedestrian 0.19203603 102.46804 -7.333495 -0.0800378 0.5389082 0.66105545 1.6553516 6.92542 
Car 0.17213538 84.29362 -83.845215 -0.7676881 4.213615 1.7088156 1.5463821 4.7981315 
Cyclist 0.17212448 92.08036 -55.454792 -0.2004348 1.7173635 0.6207002 1.5376356 1.9701998 
Car 0.1557648 99.434044 36.026978 -0.2540784 4.243988 1.7294229 1.6411985 2.001987 
Car 0.11406918 107.60859 -7.276449 -0.032764494 4.650138 1.8410833 1.6225066 3.4847698 
Car 0.107982606 0.3655386 -50.41525 -1.7839453 4.3140607 1.7448326 1.6057352 5.8714256 
Car 0.10619181 103.9957 25.507034 -1.3440266 4.671793 1.7662481 1.5372541 1.5176924 
